[
  {
    "m00": -0.0608651638,
    "m10": -0.770125747,
    "m20": -0.634981632,
    "m30": 0.0,
    "m01": -0.770125747,
    "m11": 0.440934,
    "m21": -0.460959345,
    "m31": 0.0,
    "m02": 0.634981632,
    "m12": 0.460959345,
    "m22": -0.6199312,
    "m32": 0.0,
    "m03": -45.6673965,
    "m13": -15.9295616,
    "m23": 39.154007,
    "m33": 1.0
  },
  {
    "m00": 0.499843478,
    "m10": 0.690159142,
    "m20": 0.52329427,
    "m30": 0.0,
    "m01": 0.690159142,
    "m11": 0.04765886,
    "m21": -0.7220866,
    "m31": 0.0,
    "m02": -0.52329427,
    "m12": 0.7220866,
    "m22": -0.452497721,
    "m32": 0.0,
    "m03": 6.52629757,
    "m13": 43.16901,
    "m23": -3.22958827,
    "m33": 1.0
  },
  {
    "m00": 0.55692476,
    "m10": 0.536159933,
    "m20": -0.6343243,
    "m30": 0.0,
    "m01": 0.536159933,
    "m11": 0.351199448,
    "m21": 0.7675881,
    "m31": 0.0,
    "m02": 0.6343243,
    "m12": -0.7675881,
    "m22": -0.09187579,
    "m32": 0.0,
    "m03": 24.20901,
    "m13": -17.47622,
    "m23": 18.7736855,
    "m33": 1.0
  },
  {
    "m00": 0.6106341,
    "m10": -0.05685915,
    "m20": 0.789869,
    "m30": 0.0,
    "m01": -0.05685915,
    "m11": 0.991696835,
    "m21": 0.115344666,
    "m31": 0.0,
    "m02": -0.789869,
    "m12": -0.115344666,
    "m22": 0.6023309,
    "m32": 0.0,
    "m03": -5.161887,
    "m13": 43.39571,
    "m23": -26.34076,
    "m33": 1.0
  },
  {
    "m00": 0.396660268,
    "m10": 0.7339945,
    "m20": -0.5512829,
    "m30": 0.0,
    "m01": 0.7339945,
    "m11": 0.107057154,
    "m21": 0.670664549,
    "m31": 0.0,
    "m02": 0.5512829,
    "m12": -0.670664549,
    "m22": -0.496282578,
    "m32": 0.0,
    "m03": 9.397799,
    "m13": 5.30460453,
    "m23": 25.4062538,
    "m33": 1.0
  },
  {
    "m00": -0.3341484,
    "m10": 0.277218729,
    "m20": -0.90083003,
    "m30": 0.0,
    "m01": 0.277218729,
    "m11": 0.942397535,
    "m21": 0.187180787,
    "m31": 0.0,
    "m02": 0.90083003,
    "m12": -0.187180787,
    "m22": -0.3917508,
    "m32": 0.0,
    "m03": -35.8203278,
    "m13": -34.5427742,
    "m23": -29.952467,
    "m33": 1.0
  }
]